523497 517429 498167 456141
520736 486959 510826 501404
524349 443417 478217 464591
523372 482827 469028 480519
519215 455429 471340 508119
525724 462692 451387 447754
519558 484844 462984 463548
525333 517021 462527 463687
517687 469909 515878 455908
519451 457668 457057 504115
525661 463393 515071 479996
524582 501812 482907 510586
523295 455223 466048 488631
523182 459579 473541 446149
519408 494579 446698 483614
518758 487892 445474 477489
518460 495666 509492 485827
524847 513230 505672 494582
525353 507894 463499 486171
520492 470713 473229 446537
520212 469517 499805 499817
525131 513898 492881 509639
518229 473956 513530 450941
523426 495901 485758 474607
523794 490019 446964 513137
519479 478061 485258 466106
525231 511974 495860 513433
525279 465439 485962 498870
520115 506919 492204 510551
522295 465140 465924 465439
523480 442312 501500 492225
526199 495801 462779 510164
526184 491420 476160 447163
526304 491652 507317 444159
524002 445221 497034 448038
520466 479756 442684 480225
524029 511716 486993 483817
524894 458200 481401 471764
525223 476996 501171 508313
520225 503577 492673 482692
519883 498993 505986 487449
522846 494421 476105 443607
519183 496377 480865 472940
522059 484859 446042 451303
521734 486749 497256 479041
522972 477638 482970 497403
524995 447707 484294 498731
521261 452048 454598 495956
526242 484896 472892 470407
523828 510880 444034 494072
524122 461428 498676 512818
521438 453339 497875 469954
521093 496843 464277 473001
522663 506576 449479 477253
518063 479685 468407 488929
522862 469442 484925 484988
520045 448168 457913 457129
524550 486283 457511 500575
517692 509560 513020 492637
521696 505017 488286 513717
520356 445242 517238 444903
521178 473046 484801 475982
523374 484205 505585 444921
520830 462006 450120 461187
522910 481734 482277 490596
522133 492917 510882 446698
526153 475738 514794 466223
526642 503674 491742 498841
525976 477550 517040 460952
524461 501655 485133 481155
518989 456830 481579 495692
519327 492975 476645 493355
524575 494904 481032 458398
521388 466354 512504 492204
518400 501922 452159 502455
518252 446037 483525 461170
526339 473627 503934 486118
525264 488644 510603 513877
524018 490667 501188 474552
519254 455729 457113 455058
522912 511141 514222 492978
517848 453627 465560 472565
522694 484157 455207 510531
521682 499782 469770 468380
526122 499132 452818 456830
518077 512539 463960 495274
519890 512469 483184 503516
525165 490324 453749 517354
520465 444376 493768 478216
521935 494546 456544 482632
520553 465718 485323 462016
519401 482777 503600 486223
517973 452384 493355 450280
522615 499132 480770 464016
524234 476604 507870 467344
525565 445545 454902 493950
523597 456001 462719 500400
521501 453577 474261 473215
524133 471611 459398 491259
521759 470033 491828 497031
521924 509573 444760 503110
522664 504390 460489 472778
525032 442619 512017 491074
520852 481203 478551 503820
520536 493091 455497 508691
525784 458412 482109 469580
526322 482777 497748 517043
526726 480993 467795 442779
520478 472782 464278 494785
520776 479711 479524 502802
523437 473912 459068 456855
518731 497272 472105 511394
522516 473213 504666 460447
518550 445674 471280 461137
519872 490068 500700 472249
526772 503310 471681 477191
519141 472554 500904 458833
522520 461219 501995 451177
523904 468914 497863 471776
523035 473019 468144 490664
518311 479803 491761 462313
525748 494936 470475 466367
519930 460971 496792 456830
524185 485042 453205 463978
517911 497786 465065 463389
524805 456158 487180 495014
526833 461247 512584 508810
526834 453868 465356 498326
524902 482811 443545 466223
525241 464971 460673 512017
523793 446424 484556 496549
519972 482710 513250 469244
523791 479655 457693 462686
519475 461463 479425 470437
518864 482002 494367 462898
525263 484513 496883 499103
524432 477747 474612 491233
524522 462225 451862 467751
524139 491948 446407 488952
524951 497938 506681 515755
523705 464451 509766 462848
521004 457609 473556 500702
521678 483146 490208 490506
520365 509465 473721 460294
523379 491361 459866 477647
518132 447244 452513 506754
525243 443790 499814 458893
524723 483900 448358 485380
517721 468540 497395 492243
519461 503858 503404 501702
520623 474552 515824 454367
521700 479683 457388 474325
526672 461170 474458 458241
521695 465606 465674 487650
525687 499829 514360 462582
520223 512974 450797 444181
518808 516236 487404 493111
526692 456878 460848 448647
519725 496995 514481 492977
525747 480379 507779 500780
522809 461247 461205 467559
524293 491652 487541 464594
518578 485899 473342 449475
523939 444646 491742 488680
522188 514481 454800 449066
521747 452393 451544 506447
518051 483517 444252 475752
523528 481678 508118 478569
526139 445831 475899 459247
523801 475130 512825 489389
523681 469483 454887 514565
525001 460408 511544 470529
526078 453455 453418 491557
521242 507452 470904 454334
519289 459907 466189 490047
525149 517477 477561 496418
518962 499359 457106 453168
517948 503702 494974 473229
523022 509689 481515 481393
525517 476999 462527 463687
524889 498977 462846 496242
519112 467446 453159 450901
519172 517487 474927 478214
520913 502934 451277 485911
522760 506543 513898 480679
519480 492559 474564 467028
519462 459409 462789 467758
519270 509748 500380 486963
518481 447707 493631 476046
520383 488324 499660 512779
525882 484726 486535 513216
517720 464164 503719 506750
519643 486398 460068 446503
520457 478024 444338 504757
519439 506366 505341 459610
520816 457164 488286 510353
523160 462686 470544 456868
518084 500780 498997 449144
520729 476577 447851 454465
525880 469259 451303 505455
525646 501556 445225 503753
525468 515533 446948 512367
525259 465786 445684 454627
518683 491024 472487 468831
522897 446146 512384 468144
521247 484556 483725 480767
518534 461493 482317 443686
518489 457634 472782 476162
521341 472818 457959 446065
523240 456001 447283 497557
526599 493606 482990 451452
523987 462257 462893 453245
524799 447314 485648 463529
521540 481931 463127 503593
522348 501735 495538 479769
524210 482811 509410 472462
521333 468292 497427 505719
524183 516444 468892 503310
519477 464527 500554 501030
520023 461012 451277 507224
522186 478560 471076 502367
526063 509953 449536 506730
520074 455559 489887 499883
517933 498976 490465 496552
520430 447359 516326 504336
520887 513458 490195 484420
523210 502634 453389 461299
522300 491627 457788 464238
522162 466350 445733 445192
518902 471694 510880 450232
526818 462185 452563 468973
522437 508195 462291 516251
518852 475378 453942 445821
521754 500072 474594 479126
521052 473778 496294 483411
524580 450769 496037 513279
524637 491644 482458 499359
526874 515197 470377 447296
518310 485426 469218 516080
521563 507630 514495 508155
519850 498057 474214 482285
520151 465774 499056 480056
521841 501379 500015 515891
522994 504344 498929 496995
518254 491958 443219 490186
524298 495914 444307 503760
518017 465047 445541 461295
523250 517122 456419 498183
521903 446273 480770 460294
523834 501652 496092 504510
522321 469175 497767 495013
523772 513832 449079 473094
518059 495610 463779 504336
525869 487466 483455 466125
522240 451445 477104 460461
520368 450009 469059 508155
518679 469413 481676 465924
524010 508782 447546 512464
521963 458690 448166 458511
518818 516992 512403 508562
525141 490007 459169 456553
526731 490530 481781 445225
525655 474629 461900 458890
518119 473094 479610 481639
520059 443974 449734 510848
517954 473502 464260 474071
517972 476265 454370 500270
519729 460922 481402 476719
519077 446149 516680 503858
522148 473775 458698 449206
524062 443417 478217 467751
525048 501850 461394 504334
517947 474920 450863 493699
519923 469635 493236 464956
522847 501311 507476 507872
525615 444183 456301 449379
522122 509870 477037 479457
523918 448889 490337 484485
522887 497241 450594 468380
522145 517255 487216 447273
522670 472098 489109 503575
520562 454198 460461 450232
521140 494621 499926 443226
519178 463732 470731 517418
524933 502023 494098 463529
520347 488110 493278 479151
526587 490482 490637 489258
519874 467857 457315 477179
525610 512322 451862 477449
523140 461283 498098 481155
525114 484101 480240 474756
526796 444328 460922 449488
522896 489103 457147 447112
519054 482030 488062 476443
523749 463896 447284 454714
522055 458633 452331 450754
524414 459726 493126 461512
522335 462586 445703 478988
522174 460463 488378 513529
523181 467857 474001 515668
520486 493593 472214 457684
518131 492007 462760 490365
519552 445968 499419 478437
522115 485968 484111 456875
522332 442258 467559 516888
518839 479996 502634 488550
517886 503820 494852 496936
519268 444328 488371 485310
518021 463056 463888 481083
524235 491057 452915 473213
521645 501645 505629 467524
517924 498810 497636 443879
526811 453455 491557 485083
526361 489759 468704 469930
523903 442441 495928 459907
518448 500360 463543 509134
523907 517267 516813 477395
521344 461896 451824 455811
521326 496128 493153 514527
526294 478818 466636 482575
519389 495512 486038 474325
519137 477920 450154 504295
519288 485242 483641 451542
518854 510981 483052 483180
518548 501677 486885 479507
521616 516321 489042 451048
521023 480492 467840 488277
519903 512117 457219 481777
524849 514999 494933 507088
520964 466238 456828 483671
520986 472573 443040 464506
525690 462150 442709 450600
523647 503391 475535 465160
525073 446874 448524 446114
519110 485899 513086 511252
517965 493106 454248 479793
519273 472088 480399 494024
524702 505585 461893 464622
523324 446339 458698 442576
525918 503445 489645 469446
519855 508217 506543 487892
519019 457293 497601 484086
524175 481285 446774 467357
522021 505650 508395 465874
523926 447754 466764 462433
524066 463768 455440 503025
520064 477782 446455 480795
522572 454198 474143 491771
525169 452691 500782 468742
525978 488097 480281 481623
519218 462598 478752 505532
526288 470388 458548 477112
525442 473092 450600 505835
526315 443268 465730 478276
518127 509410 509564 473760
522159 514133 489975 511507
518041 481297 464217 507332
526863 481905 493452 487762
524037 475910 485350 464939
523368 507196 469019 511125
523817 494884 478808 498530
520774 510826 502389 478238
518433 488644 476249 467431
523827 487997 448143 458867
519351 451385 509766 472447
520716 462150 472637 512584
519360 446424 494378 464097
520140 504724 476007 487710
518861 444897 499836 463775
518099 474805 461493 479428
517784 450120 491074 455696
520509 500702 491547 473351
526499 488680 481623 459771
519886 461944 481330 482633
522914 499341 480587 486853
523533 466127 473229 446537
517861 491742 497516 481276
526671 479685 486148 449962
523656 504225 471284 477489
523316 477601 455916 508326
518983 445041 474838 460894
518938 458244 454159 492590
523588 460892 503148 480019
523685 471701 461514 493896
526724 465820 474529 514528
521851 509748 512539 455591
524094 450769 497748 474545
523189 468095 500235 457173
522721 499719 455304 495840
518849 504757 472778 453266
520639 509160 487705 462596
522963 448250 475257 485088
526595 454376 444888 452691
518228 499230 454104 502106
526163 475388 471451 460858
520630 476568 483774 467001
526898 501785 507511 487347
520359 470576 452791 467888
520893 512554 490784 473508
520107 453749 456395 474037
520974 457183 504353 476441
521784 492065 475673 513245
521615 499012 468856 508217
526563 478554 448232 450194
520637 500876 452309 466635
519106 505017 501299 506014
526148 482590 467004 472158
518999 501677 488487 475411
518190 517429 446055 465035
517772 448490 514604 515822
521409 448090 512095 458971
524992 446214 460743 504218
526734 484425 445674 452360
518972 475372 497661 444220
520082 488097 473775 452975
520196 483627 474424 458444
520085 516174 450363 450692
520963 484310 481756 461900
524955 456669 477690 490777
523968 467600 467327 448354
521363 465674 475874 455954
518298 481297 461737 517000
520879 467001 442728 449568
525514 448490 514604 515822
519031 476105 443607 484865
519140 496702 466688 487901
520279 482988 486918 496703
526146 501239 496566 484339
519330 453308 470310 497056
523428 491052 490109 479648
518766 502073 446298 510763
518219 445689 489259 480330
522895 462064 453765 501691
519413 517198 495147 484496
524321 501311 471401 444320
524790 453630 465772 445680
520362 505535 478214 506771
520351 482006 463490 498183
519459 458773 500796 483924
523763 461230 477449 475504
526647 459398 453749 455037
521980 448232 511264 478554
524829 480709 498154 484400
519758 473092 461101 461205
525271 455879 505835 459299
525383 456071 493637 442974
521464 454562 498810 450112
526349 450714 483129 459801
525995 478214 506771 472428
517710 443248 461472 472173
522460 484046 480330 487650
521893 443303 477169 489495
525776 443272 472424 457913
526544 480494 452508 489145
520484 443171 464191 460710
526369 458283 463127 459899
521664 451894 446042 444509
519161 453755 453084 506899
526313 470536 512669 453787
525965 475513 484885 482066
518439 491948 452828 506681
522053 471280 457688 514997
518772 462833 450191 455769
519533 495164 449568 465688
522843 442669 462495 450970
518188 494254 491926 443242
518029 497484 457167 508873
519484 473595 508799 472695
518957 488944 465065 471131
526681 494543 442941 455760
526572 480217 469937 468360
524620 490318 465547 497370
522673 451151 465394 443359
525838 464299 460398 467360
519058 463654 460892 506142
517741 446780 446055 515071
521115 506264 449522 495164
519612 444346 449254 478399
518546 476165 500579 500295
521117 509560 506416 506085
519469 442265 443686 461231
519194 446948 508681 509748
525681 499763 517028 473508
518654 494072 503757 493281
524056 500360 479335 460709
523190 453816 515268 513877
522422 510318 500999 478024
523617 445678 443129 452691
518416 512469 506014 502818
517941 455361 495014 463727
525890 491204 468260 496706
526581 455811 495719 489259
519628 509830 473775 494254
523514 480570 455128 447608
521323 517193 443387 457147
518668 461012 488801 486395
517707 485899 514888 479664
526236 480085 483591 488153
524659 498718 450133 456988
522160 445718 494072 489238
517922 459290 465439 477083
526840 498167 505673 511555
524956 477037 513646 509596
521670 472533 459350 463157
522384 455304 465255 474127
526510 453595 501812 476441
518466 446339 486283 484207
519295 509014 450047 459845
518536 477647 442067 478793
526048 496843 459270 479683
519978 493584 466525 442389
526034 504705 513017 484925
519967 481688 510750 465812
523025 447244 517100 487862
518457 471431 482418 463433
522476 486954 499366 516698
523719 476815 503761 486118
526536 480173 481504 489155
520898 504070 480395 516756
521158 494707 463945 449270
519744 453197 449716 454819
520066 483633 471591 449144
522810 512768 470805 491435
519637 502999 479683 474072
522340 487945 512319 503110
520129 512117 516151 452119
519970 512335 461823 449330
525139 449067 503612 500233
520258 510161 468380 510063
521610 492650 478007 510033
526045 443305 475184 480527
522217 485541 476953 496552
520113 475649 445766 454685
522675 515105 452279 512495
526298 458548 493924 472230
523816 491560 467360 458175
524425 513543 502289 445704
518566 467533 513331 451968
518352 514361 498889 477968
522915 487377 507325 517459
524915 487377 461571 458435
525037 481820 461648 505345
522521 458187 476455 486345
522610 492812 504212 500748
526392 490892 485088 494579
526073 484583 484303 488631
523366 505242 499687 496714
521146 455560 458181 496587
522523 486106 495789 464026
519014 476916 456850 444921
524681 456301 449379 465970
518179 457349 452484 475286
526152 453461 477463 487620
521433 446147 488428 512461
518608 476198 503880 499665
526367 507753 513145 507440
519280 452393 462927 515953
517799 478567 483041 502999
525816 479201 477179 496794
518233 493209 511190 470597
524984 457606 509370 464739
518834 498906 491092 487550
518445 495243 477580 460821
517689 458814 510763 476908
525923 470708 444183 474053
521534 470789 479074 460078
518934 474564 471765 482824
522967 477358 496378 505217
526690 469762 453667 443978
521941 501720 488267 485484
519776 514852 462000 469937
526398 511141 445830 479719
525853 452874 514726 461638
521458 481132 472437 504307
521491 474092 504494 493459
523616 507481 502780 455516
520189 456525 504708 449669
523053 497551 481400 486948
519594 517267 481533 460532
521840 454819 460275 444526
519011 502802 450102 458688
525584 495928 456878 466164
522182 475712 462804 516433
522014 449675 470551 457169
526869 506122 472920 486830
522441 458841 490319 495999
519225 489433 461869 517381
520183 482552 465865 442914
523927 479154 507509 456576
524393 445366 503820 445128
520571 462279 476849 481676
526466 513216 506520 509564
521352 505251 514477 477084
518533 505072 490845 476046
520836 454193 513558 515140
520499 491565 491281 475130
521714 450353 442941 490440
519651 497484 457167 476546
520300 461187 449908 502351
521150 443313 463713 459872
521742 508681 471099 498247
525961 471750 500060 493895
523830 465774 510757 499740
525374 497395 468484 498362
522765 470934 492977 516174
524421 508432 460493 478588
520771 479704 466223 464184
526158 474404 510531 516087
518806 496714 486082 498428
525850 465525 450687 500788
519566 490318 459035 451913
522477 473015 497454 446216
521833 449743 471451 453128
517718 493263 480452 507452
519662 517193 452046 463814
519830 511555 476801 452818
518821 492399 467872 487541
521173 515011 490482 490637
525716 475741 493238 499559
524120 449838 503553 494058
525518 517369 469882 473242
520483 507563 511990 476719
521958 496150 501901 453128
526525 468892 458633 468655
525910 512202 482488 447317
520682 451092 456643 508404
519904 445366 493370 445053
517775 499337 457121 453266
520593 456062 479791 464621
519556 465091 474080 493263
521892 498815 458887 517378
517752 445699 484207 485190
520008 467731 443119 490210
521192 444022 497403 451980
522507 468015 484257 483924
517743 484157 461283 461667
524386 487742 468540 465629
523094 452113 466636 502780
525644 474458 476811 459738
526075 443864 475164 477272
523812 480217 470475 468360
519252 458187 487392 446312
522637 452159 515953 452182
522272 496371 478588 508782
524943 482485 480765 511716
524977 463488 511801 517007
524707 461931 469331 472038
522123 486407 480020 480234
521748 474920 481332 494007
520737 447231 503867 471000
521000 471611 505408 502355
521403 485310 471395 492683
523896 494800 501670 468486
517991 449827 475191 476916
519198 506172 446589 498098
518565 503711 444418 456903
525761 455859 473409 496305
523454 484735 492987 486631
522995 454562 499895 477096
523095 483052 498279 485147
526383 446607 470388 502759
523459 476437 481504 480173
526084 494145 474909 512367
523833 498143 444632 512956
518332 499941 496128 493153
518067 466867 493108 451699
518626 506932 489039 500470
522099 473907 494543 472064
525304 459101 465970 451750
519488 464451 502902 453765
525668 469130 456924 501624
526365 507627 469292 484806
526675 501556 502252 498906
523415 468951 500251 503320
526537 456395 505413 516267
519589 455304 459319 511714
525493 456726 505242 442262
519151 450058 499965 510782
518598 477749 483312 506932
522706 512836 493209 486782
525504 450936 498236 475108
521169 505666 457592 442168
522709 517146 500098 505684
520982 450058 499965 510782
522749 488314 446774 455154
526815 498362 447720 489945
522104 477825 459260 480015
521249 465721 442643 474907
518696 479087 511956 478752
524632 492210 464038 487762
523745 472742 459899 517040
522625 457183 452173 456886
520540 485342 442709 495847
526628 484496 445541 482675
518926 448228 469056 501958
519676 451127 446933 479655
519563 517446 477474 458071
521010 508118 498423 451972
522827 506153 468006 500276
519271 455696 502023 450721
524754 459610 513357 501016
519677 494582 489948 504995
519733 483591 512289 502460
519631 463236 499419 446406
525803 459194 503225 444363
525013 462988 499194 506919
518695 508491 448513 450036
521218 515123 489842 455825
524822 453615 512495 449596
523892 450892 447118 517354
517877 483319 442278 463610
520328 464042 493025 483207
526747 487025 472904 513398
522299 499434 486651 473055
518719 479719 469961 515491
520738 462760 443073 465158
519180 457481 480606 480116
519426 460096 497114 455342
520859 495771 481306 442714
518651 473675 472557 497410
525439 464154 498605 509698
520217 489611 484101 472424
525406 446214 513896 511469
522686 450172 502536 507016
524843 461477 449669 498848
517699 462417 465782 455559
519473 515639 505096 469635
522303 456164 459247 458926
523342 489340 503064 475150
523253 490784 457295 458457
520171 442067 454918 507870
520114 481083 454598 442536
519783 495107 500549 487574
517815 477084 495711 477134
526748 456875 500752 469394
524655 449163 462898 489233
525645 510872 495466 494884
524003 515242 459629 509657
522513 493978 474542 445330
524524 443171 464527 486999
521500 452067 455058 490784
525070 477516 489645 471549
526077 486683 460501 485121
523515 478566 492778 452962
522502 510043 474099 452955
519299 481285 474080 459329
522125 462816 445393 485343
517726 502925 517453 468040
522012 502045 481688 453818
521224 502889 467100 456460
518563 490735 450220 483911
521275 452484 517027 489893
520289 500851 482950 511021
519068 488552 487997 476084
526110 509870 497938 513646
518913 448984 464337 445221
525266 512261 496242 513898
519015 515137 490153 478413
525345 464488 483633 471591
522857 493576 456336 452067
518307 476291 481135 485827
524480 468231 446768 477677
518843 479726 474053 490667
526482 488428 475673 458130
522350 446964 471018 510133
523766 444111 502826 451693
521721 496484 451192 484743
526838 464538 496571 447601
525402 475409 470970 509770
518133 509016 449041 447471
518899 478685 486651 454426
524633 491259 472214 481257
521785 455729 501690 479514
521906 491910 472212 467872
519973 473713 483168 466566
525245 503299 512403 470600
523739 466695 453595 509649
522255 454800 454376 454426
521064 452064 468260 496706
521297 486674 467132 485381
524506 454935 462260 471591
526652 449568 449701 461512
525395 504036 493080 497633
525744 486038 517198 495147
520757 448726 446625 464506
518120 517018 510350 513063
521087 483633 480769 449031
518765 449523 484844 458457
525177 462673 494936 486401
520282 517100 477774 487225
521201 465105 505637 511976
521133 493080 504036 472220
518793 489982 495641 454081
523709 459073 443119 504697
523906 457734 450052 475665
525447 491523 465356 460568
523843 456452 443347 453050
526330 454636 492478 457059
526776 446188 458699 472093
519001 498848 443003 491635
519214 451731 462932 493640
520714 461514 499673 465956
522149 488929 479413 468407
525511 471770 467028 468425
520792 497669 454678 457031
520099 476568 457977 459138
524282 472565 468946 499660
518174 503647 491828 471806
519444 495186 497551 473713
520146 503096 472060 449978
519283 454811 463370 496378
526308 476865 476162 479283
519636 475367 505154 471849
526006 480189 514852 445324
519248 455591 517369 506062
522136 471989 493753 472057
522925 516464 492933 516740
526360 453179 454890 480225
522676 511141 516793 508706
519794 450799 452343 496080
520917 494800 482771 474756
525453 489340 503064 475150
520214 447244 461669 465956
523458 465498 467310 509236
522708 461389 462804 468431
524708 467921 455142 505398
525728 506663 501901 505824
524340 515531 513486 516533
519907 494675 497875 455536
525471 444346 459418 500962
519879 515197 470377 514826
523091 463713 457771 464506
518689 493386 489954 450815
525022 505176 447314 464612
521884 464735 492655 489948
522048 453256 516464 457060
524342 462291 492874 490572
521777 463897 461231 442265
525488 460501 485121 517099
526686 493234 464408 500591
518894 494170 485391 451185
520786 511273 452003 503262
525635 455902 452003 457295
521879 482990 487121 492007
526430 473692 445660 475504
519503 452046 463814 513331
522028 493555 472173 469112
524962 446424 456395 498374
526038 443106 465924 453236
522215 458773 497241 486450
520723 500342 495872 484185
519490 494200 442389 481385
519466 470033 503647 501386
521844 489339 458798 456493
525979 498326 459884 479845
525321 453258 509050 509770
518863 452801 469848 517395
523637 442610 481332 498547
519515 506656 510909 494953
524117 447873 487465 496305
517935 449716 517463 447158
522811 517133 454018 463176
524683 488334 454653 447924
526719 443631 468713 446149
520256 507481 471111 455330
523439 446780 498841 504325
524996 454248 452309 506266
522599 448508 512976 516444
518995 501500 512956 484898
524481 505666 486177 476836
525355 487878 462282 449777
522853 500840 460930 483807
519291 442274 463626 479711
521697 486070 484575 445848
519927 454644 476585 487033
526248 514999 446832 456850
517735 484214 449147 442669
525061 510254 516172 463389
523750 475712 488621 509492
525237 442483 482225 482066
518802 447712 474529 454018
523693 504268 486918 466412
525010 447362 456134 450477
519522 501691 481402 499211
518760 457552 471611 503814
522677 503096 472060 449978
520555 470529 503066 475978
518403 504859 445285 486395
523477 494207 488678 498993
520791 486948 465914 465606
518168 464451 481678 453168
520302 503760 479233 506721
522517 455676 510043 470086
521602 464238 447834 442278
526116 476816 482703 477813
521286 498457 456346 489127
523641 469871 495487 491204
526567 488587 498626 460401
526473 455761 507016 492991
517990 514862 446687 466380
517739 514528 509226 488324
526886 497911 485302 448956
518836 449157 484875 493386
518835 457903 492378 451463
524694 463725 506652 449251
522345 459824 509410 511273
522630 502023 463890 494800
525538 458612 455438 444526
521633 464716 461900 451901
526319 509564 455902 505230
525035 459144 442358 475181
525824 501404 449958 495872
518937 491948 499888 493236
518688 457990 453923 504115
519143 487891 442610 443718
519844 479040 486726 456899
520396 478186 480631 513558
525252 492112 448545 511184
525208 484557 496873 510528
521651 448046 465914 497551
523704 508785 470306 496418
526247 463654 478540 454382
519177 455143 474983 444897
519088 471135 448524 446114
517719 483455 467500 472502
521203 485377 495254 449206
525023 504190 494789 467835
523141 486999 481400 483202
519003 471164 507718 473770
526134 442373 485574 469331
524006 506225 498997 449144
524398 457952 469871 450092
518258 500736 463695 500865
522483 463499 515105 511523
523040 450058 499965 510782
519597 461230 511439 462225
519111 444804 465394 484772
524190 516753 512219 517213
521769 447537 486939 513584
526637 498444 447506 444594
523879 467795 460812 460573
522728 446529 489945 489110
520782 501690 479675 465820
519235 497748 492650 491074
523332 509140 513233 483155
521029 515584 499056 499740
523930 514011 460558 495373
526286 446814 501643 480247
526245 471703 517193 477677
526759 487256 443365 502899
523632 512562 500579 455661
519539 514524 506899 478186
524467 517419 492816 496143
520326 471994 485968 497038
523991 499161 474322 495825
526131 479507 457744 497414
518822 485147 491310 486806
522088 470306 469448 490427
520668 442477 480395 454718
523356 467589 480523 484046
520644 458130 447228 473358
523180 453923 497681 457744
522375 467589 486061 466125
526022 506225 468676 511393
522315 466593 487383 471623
520959 459302 467071 480189
523527 471093 485400 469059
520194 517201 498183 506266
522447 483340 472333 454887
522830 455759 452007 509207
520564 513742 477690 464216
521177 447478 477580 503351
526379 477104 506032 463497
522199 490220 494422 504564
521813 498889 514565 472223
526359 451062 504218 497030
520650 459866 464108 451452
521675 467302 500072 465944
519133 444236 498723 465091
520215 484496 510165 451699
522245 510519 469259 514002
526056 501690 517028 481367
524159 492225 467344 467030
525900 484946 496446 514664
524447 483846 459173 462566
526768 512322 499056 508627
520667 442477 504070 480395
526564 482675 453923 477782
522770 500796 455583 502852
525091 442067 502240 487216
525486 500851 489774 490314
521251 501030 517076 497806
526733 493314 472865 476849
522911 507663 493978 498525
521919 496225 494254 492917
521272 444774 496502 449884
525492 498441 479358 509925
521131 473019 497806 517076
519644 513530 496413 477104
518921 488320 450353 491227
524948 512557 465237 485380
522524 479594 505673 502624
523717 498191 512623 502691
522950 466231 469633 485736
519313 505335 489101 452418
518569 480865 479035 488114
525267 516698 497786 500940
525320 498274 460739 455941
526095 513570 502073 483122
518911 504494 484575 486885
523417 513896 466475 507214
521176 510700 473528 446053
523339 469225 497384 451845
525466 443853 506721 442351
522567 512071 500579 471414
525370 492637 482488 500940
526115 486553 500637 494216
526317 470916 491618 455215
520199 499686 482516 483553
525817 476859 479018 482575
525647 450451 495307 498071
518290 470613 474518 469242
520516 506455 480086 485323
518299 500999 499314 483778
518295 479424 466269 483250
523944 459590 489349 454341
518779 514758 461648 443571
524004 477415 443106 476655
523716 499817 462841 509226
520707 484157 516156 512016
519760 486450 498796 498236
522001 446168 482845 478702
525302 460971 511974 487008
524650 469442 455761 495032
522327 505072 461823 476968
525111 517419 492816 496143
525886 474838 476585 479323
523545 490621 470167 467471
525519 505606 494975 476443
523630 501720 506424 464260
521462 501604 504639 515929
526445 517431 443494 506313
525187 462404 471000 504742
526382 468946 442138 472565
523594 463667 499913 493640
522281 477191 498885 475061
526710 485814 473912 492399
520848 484925 502868 460624
518914 466127 455025 477987
521078 481346 446874 462789
523829 467682 507563 494936
523350 506142 509519 506540
517787 500748 476471 485133
519219 468095 457173 477474
522611 461737 485214 456066
523701 446111 484801 492210
518373 485078 498374 447449
523542 516260 515366 497582
524974 472120 447283 489945
520531 467189 487264 505096
525627 442358 475181 466472
524001 444903 516753 513357
522334 469561 497846 469483
519277 517198 450721 450102
526036 501764 456121 450690
518013 475130 503445 482909
524174 445043 515773 451617
518755 456860 479333 502868
521553 496601 469988 456336
526794 501958 488941 475991
525034 486411 507835 465317
520213 443974 461566 444509
525332 512537 447712 515939
524680 502073 510826 487305
523873 468309 499926 443226
522370 471582 463713 494055
522942 464956 497846 472242
524823 479664 509453 478881
523645 454201 474404 449051
525941 510499 482480 455479
526851 446625 504955 500015
524105 452806 496773 452113
520459 500078 489948 452571
525678 474935 449777 463808
519863 508834 446888 490572
518458 476437 500356 498977
521395 457197 453342 484196
526154 444418 466088 446676
525927 505398 485701 469334
523734 499977 457434 484214
522027 484529 450878 500716
518521 469571 467851 454362
523743 448847 490059 479895
521656 464843 477457 445264
523442 462654 455251 481762
523397 490892 496398 459290
524322 487945 509689 513923
520818 478971 443504 475933
517998 451897 482027 458681
522127 455908 493314 475330
518345 493091 459495 494024
524397 492868 484818 517243
519618 460932 449780 517411
526157 478508 517463 472502
518427 447873 492693 486830
517912 458798 496095 498730
519815 448889 475462 512554
520753 512584 501398 446042
521739 476456 486401 472554
525494 457059 495834 493459
525680 445768 502892 492963
519559 503310 517015 449883
522758 442709 477749 463766
520989 507627 450120 494421
521021 508284 450113 484657
520711 447006 444328 470202
517767 443117 444594 442714
518702 508293 475140 511533
519303 447284 485460 445015
519838 453966 511225 499941
519708 477435 448496 468884
522241 459845 506608 491731
517777 472890 508845 512335
519909 494599 487021 450690
525172 489337 451731 458460
520203 505623 496601 473706
521797 497990 505065 473204
523402 458712 450527 472799
523551 458435 503025 508493
523217 475764 506165 473565
525202 479525 463924 499384
525017 444028 459418 479018
519548 445393 463370 504697
525460 474594 479126 494007
526126 509698 491597 459963
518387 465772 490850 489084
519258 453269 497114 496006
524883 449254 462692 508671
520259 488177 457487 478570
518497 493753 489458 474859
525791 500840 502791 480522
519443 462730 495711 465674
518269 462686 459138 478286
526385 464488 503612 500233
522775 461219 462841 493108
523837 474927 514972 517519
525212 459866 442643 472220
526614 475388 496792 500702
520632 504757 466350 456903
522073 471141 477421 447601
524660 474243 514862 481647
521686 502656 489954 492975
521940 498448 481162 485315
521168 457295 459824 458948
526650 471696 495699 478500
517894 447296 448412 448603
524584 485350 464939 488153
524875 479973 453348 487092
522774 510599 513436 497519
520606 512813 455037 442683
523901 459037 465373 509016
518222 463863 489317 453577
526673 495928 464689 467249
517834 488267 463527 486398
519545 449701 469958 484495
523125 442332 469909 497990
521803 516446 445968 487500
518971 460078 479210 476379
525119 469888 447411 449919
519679 459694 505065 505719
518226 489616 473815 447317
526752 512836 455692 506122
521119 484818 477272 463701
526465 460774 479756 485088
520969 474089 494315 511264
521994 447506 458283 490179
521248 462460 462185 498050
523134 457293 457044 495254
525436 492065 453522 469517
519442 476160 506331 465498
519625 473098 462155 480865
523663 456256 446750 447924
522022 490109 468337 473486
526890 461619 482030 478069
518036 491143 502178 442941
521740 464406 506568 454811
519412 484303 475007 484885
519661 469623 479141 486853
521760 510155 497180 514701
519455 479425 484268 470321
526127 516464 489220 478543
522179 472533 478286 463775
518111 496398 482222 496414
521847 488944 498374 472068
523724 463548 502832 491926
526215 447317 461119 443446
526836 482950 473589 505445
522537 513398 474862 509830
525233 446537 444637 496923
520094 450736 503176 495002
524339 495598 472242 490747
524104 508493 497310 480587
518304 486070 460710 487940
524270 474243 500300 498885
518236 490324 508352 447240
524656 474935 456767 476801
523522 506990 448995 492991
517697 459963 456987 479704
518747 473877 469225 466108
525588 517067 469873 474318
526798 468013 470777 443877
518327 461534 511523 476198
525726 447712 484093 467126
520589 457169 512746 457743
524392 504307 506568 481132
521313 491334 501534 476811
521928 460096 495598 476865
526701 472249 495840 461182
519938 492978 450519 471414
523937 497350 498947 458460
526262 488371 454244 478567
519768 479726 513479 474053
519647 471237 477608 497846
526274 470388 477112 447631
521159 507532 463924 511387
520876 457060 471237 489577
523159 492655 449079 476111
517857 456910 498078 505852
524044 507126 469882 503076
525448 496418 504568 474553
525550 462064 450194 463519
518264 513250 506266 515232
522636 443257 477457 445264
522577 462225 512528 476265
524688 456346 512923 514826
523305 508349 467236 477799
526604 482010 469112 469233
523802 473675 483007 487229
520829 446093 481176 500443
525545 459144 456457 511387
522454 503382 512997 473495
517893 466435 446693 463519
523913 447153 477513 475888
523875 463535 451198 498191
526771 481402 476719 460922
522271 486872 451064 473956
526090 477134 479827 486939
520849 491420 505230 500716
519687 490845 516992 494696
524783 467386 516251 504805
525828 475660 486576 488320
521537 458200 481401 497697
521472 472510 513695 495868
522385 462433 467857 457315
519546 466636 455062 454201
524673 492637 467239 517008
518998 447231 494543 467106
525591 480281 481623 496085
526094 474127 468457 447471
523301 487550 461892 457873
523072 486872 444320 484257
526321 449479 491253 448394
520740 447464 457122 471445
523076 497732 491210 512628
521711 464689 488393 492673
519092 489358 500632 450005
521706 450721 445541 463867
523452 445703 445722 473723
525432 504682 474619 493238
525926 492868 473528 446053
522646 452220 480160 479973
524594 474564 485790 486938
518775 489039 506932 478743
523367 515491 494220 508195
521929 496829 479428 464408
522585 464527 487940 491335
520063 498547 446803 483151
523762 503702 494974 505820
524968 454341 466545 494127
525826 457655 469909 450636
519957 457276 472263 487037
525532 449777 463850 485572
521944 489637 482771 492221
525301 510350 459833 516533
523752 452132 443268 475712
526267 457804 457077 507322
525407 511518 502766 500962
523782 502759 472437 458015
520255 450815 466071 498206
517686 517040 500098 491423
526493 475315 460558 504353
520814 501613 516782 486395
517997 462417 446814 470086
518089 494666 458200 481401
525849 462722 502428 469919
522529 513946 513525 448510
524571 508562 479342 472933
523686 458435 517459 471996
520834 481757 453901 465077
520864 517047 473839 449896
526475 448250 447834 478508
518746 474105 471224 470597
526542 507440 457173 477474
522803 443171 464191 470400
522033 482050 471463 479594
523211 488110 476162 495801
525792 473893 512997 508812
521397 463056 463888 509292
517974 517015 487489 496702
523433 500453 446529 462027
520280 490845 465160 446407
522047 508963 510872 472315
520977 491057 508049 452146
518951 489908 462459 485518
524347 485103 448953 513296
522988 484214 447464 473746
522061 450990 495847 471502
517796 500214 503680 513525
521943 508487 500084 515610
518910 496225 481228 464310
521468 462841 508834 465171
526643 465237 508716 480804
524023 498423 474861 442945
519261 442683 454200 466799
526410 454562 476379 475965
524195 481544 450519 450742
519937 476126 445545 493799
524921 469448 466764 455661
526590 477362 451990 487772
526272 443117 461542 517079
526754 500453 458773 498362
520081 486406 459329 454384
518980 474199 464662 460501
526757 457656 509355 505230
521435 442258 515028 450172
521673 483069 475505 492881
518507 511948 484348 510133
519062 446745 467921 455142
525057 475224 485042 463594
521750 464377 470437 487968
526891 499314 484111 460812
520185 517406 460318 442237
521255 447112 455342 483778
526049 503975 513570 504190
523878 466229 489268 443106
518740 484268 499314 471623
519577 477102 453896 488699
518145 457169 512746 480461
517770 450792 495248 457024
518643 454491 444634 446607
526479 514049 450592 445157
520126 457688 461119 479151
519379 460752 486541 465730
525919 485242 474859 470667
522308 448645 458976 508119
520450 444394 486808 452563
518136 500251 503320 467386
525007 489625 468333 494565
519486 472887 446002 476313
520453 462195 471873 466919
525721 481754 517396 453791
518487 495719 466867 513162
523001 453901 488747 506332
518451 446138 494155 479041
522078 444147 468818 446961
525255 444396 517519 454627
525835 452791 460258 445537
523259 451329 462804 490812
518887 474629 456678 504731
519582 473046 479266 496095
524554 491618 492408 458450
518049 474948 471864 462006
526661 458996 508873 507957
526708 447163 457552 512669
519318 479234 498022 512261
526853 478944 444335 476235
520111 498459 471463 502624
521677 446768 466743 486784
521995 474817 505535 458814
521364 482811 484485 462379
524325 517015 464843 454370
525981 473204 484046 480958
523760 445768 473541 491965
525123 489767 467251 451156
517844 516080 512719 489645
526511 493208 480282 481481
520744 501299 509461 469121
521952 445742 481002 449837
523103 481083 486938 504532
523055 444918 508096 449463
524055 452788 499660 495870
517854 487865 480603 467028
525452 499763 452874 516413
519750 501556 443305 470310
524207 496773 452806 509953
521463 493606 480767 459004
519873 505684 495842 443307
525107 504070 471750 500637
525896 446312 450363 460555
521407 457788 511900 491627
526610 497906 466068 490865
523925 501500 484898 490808
522302 479413 451148 444236
523571 488755 517071 464310
522024 502912 445743 465198
525712 466901 513230 497838
522425 473888 504390 472263
524929 488464 517487 465237
526820 455158 457197 502656
521282 465077 478875 470640
525356 499734 467308 503975
521812 516483 452132 497256
526769 490567 449468 480676
525867 451596 446229 486666
524812 503628 443313 501805
523792 447449 457427 500292
522058 489101 490812 485842
524463 511186 493386 484875
523977 484599 509337 510339
524804 468021 463416 450220
522459 502868 479210 479333
526765 471458 451695 457956
523487 448979 465497 461081
520916 505835 465158 489544
524534 446684 504506 499915
521617 465035 492683 448402
520006 462305 458279 463623
520423 501534 498050 466435
525047 455610 462000 487624
519170 505796 462026 458021
526498 489544 488200 496655
525898 484093 496035 457048
521039 461394 506721 479233
521309 460930 471208 464466
521202 513893 508045 511544
523905 443840 505335 498407
521226 504344 457554 510299
526185 475122 481346 442610
525487 442313 456924 503205
525384 517343 481367 516578
522170 490460 470086 491052
520384 465629 509511 490662
521278 457634 483271 444779
518246 510043 470777 446961
522866 474518 466215 499415
525192 513742 499353 462760
526259 477382 507835 448510
526730 491050 495823 457978
525975 480225 483188 479756
521764 457634 446508 462077
524446 456327 517369 483122
520507 459734 444544 461566
518193 499377 463573 445743
520208 453407 463725 476291
522065 506652 486651 459290
525028 504724 504933 510092
518514 496714 498428 486082
523964 485518 514758 504774
526506 464217 485066 481637
526492 453639 477774 474483
524752 493141 462682 505032
522544 446851 517099 449281
522779 460408 486996 460258
523602 460892 497372 471299
518674 462027 446625 472573
522231 508963 478543 476403
517840 475733 503537 463766
519918 487449 461360 510091
519861 484599 494207 447601
521691 473723 505242 511173
520241 496450 483199 484332
526353 505465 450102 479929
525326 479234 461151 471135
525609 465883 472174 445830
523363 474820 459301 470667
518960 487033 484495 474629
522044 470197 453455 453418
521015 484801 499855 476456
526639 468337 457604 454690
524820 489989 468155 445515
518648 448510 471623 461170
520471 455330 498676 459228
524239 509770 512071 474614
524525 490826 517000 452343
519115 463660 447112 459771
524140 467600 496109 467327
523848 487892 445474 454170
520560 453821 498333 449402
521641 499804 503391 511523
526205 462868 504447 474542
521498 475409 492991 509596
521854 472818 509710 512795
521586 445324 499337 442695
521883 443248 461472 489518
517955 453671 464627 461230
525211 510966 499055 456457
526207 451092 487017 464612
522781 448023 468310 461023
523574 453911 475224 514758
523840 502753 515046 500999
524267 466616 481491 451750
519869 484294 449265 489482
524431 449958 503211 446729
525945 473980 464739 485701
523144 510299 447130 503445
524654 456525 469571 490987
523691 486062 445824 516151
521496 454403 479283 500300
521801 504973 474072 453615
520083 452056 475455 468763
520454 510353 497697 479669
525561 444063 443356 447472
525458 485938 507322 481454
519667 473093 504871 484844
519065 479648 452182 482418
521057 452099 514812 442939
525952 444888 511505 462730
522378 478921 511464 476609
523777 464622 494904 456512
520811 460739 472972 465956
524137 509292 505176 498676
525366 510528 465786 445684
524326 474261 446933 498021
519613 471765 447917 484259
522920 465523 487602 461119
521968 455676 456158 487180
525093 506774 473358 470489
525621 454334 470904 452818
524870 449254 461648 490854
520514 482490 445025 475923
525201 477427 517463 511890
524098 460408 458123 482010
519948 442441 487940 455071
525300 484520 491113 477799
521807 480367 463727 494035
521368 487742 490704 458612
525122 480631 507149 507481
518158 480826 444804 482576
518082 489911 480247 501913
525019 482006 479041 508848
524507 506652 463725 449251
521859 498613 483608 491025
523854 442138 484981 465317
523539 463091 486082 479938
520861 452143 507064 478808
518804 453105 457815 451185
521612 481676 472751 443559
518660 443542 513887 461277
520647 448580 472890 491547
522377 496883 517255 502240
524396 473001 500342 478952
518116 490812 509894 458576
522975 458329 451545 457349
521417 453868 455766 459845
521746 480527 453671 478290
522004 513275 461258 452800
519891 491423 491983 484348
520597 496508 466472 468484
518927 442457 451237 505986
523346 445025 501473 446260
526364 458283 462403 453821
521419 485310 444220 477825
520143 472787 469446 449255
526641 457223 489268 456562
519936 449192 454129 482772
518795 463457 480086 458704
521244 487465 473443 446323
522079 464689 488393 492673
525920 517146 477013 476165
519678 472001 488854 491243
517862 444779 453105 492146
523807 483699 506129 493208
517746 479586 463610 471918
522286 462988 493978 475315
520441 485377 446508 494155
519980 471076 482424 475923
522571 503262 474243 456336
525785 501171 508313 455770
526334 499366 447130 486954
517978 464784 444257 502003
523995 486171 462692 505072
526223 472093 497370 479586
526485 453901 454714 443783
521325 443296 473556 457609
522568 486067 486061 480947
518388 450119 495868 472926
518342 506264 469130 510872
521708 511264 489076 503415
524975 452484 487961 512524
525885 496106 472462 517328
518567 442939 456369 498340
522690 513159 506196 457771
524199 487589 500693 509037
521480 463623 492175 506750
522009 459107 463850 482030
524449 450363 465991 450280
523151 464784 448915 465497
520909 486223 497581 472333
518390 470032 477332 476235
522590 496378 465645 474856
525719 450326 502240 510757
522923 450451 510679 488587
523839 458015 467954 472926
517703 508425 495248 486153
518086 452003 471141 498459
517819 470244 486152 445336
524184 446146 462459 514011
522171 470478 443877 443257
521160 449157 468054 473510
519796 476455 480523 490324
523876 476810 474594 479126
523781 496411 477702 476577
524389 475982 487264 500276
523832 493370 472220 500060
525329 498737 499339 457602
518468 487264 506960 459590
519208 491361 445537 486177
518833 469937 453630 472944
524781 475874 491644 467840
522262 502999 497504 452883
525915 481543 492661 475790
522387 510491 511537 509598
525914 506568 467954 493433
519431 494367 444142 478752
519541 445053 501615 503934
520680 517487 480765 511387
526702 500566 449885 500276
517905 476584 451607 459646
526844 473575 454832 457378
526847 465547 471764 452064
522872 465558 448258 448739
525441 451387 484557 469919
521225 464213 448239 463050
523520 474325 448517 469881
526289 498057 474214 482285
518602 489042 480320 493256
519811 460398 517043 469632
521204 473543 473720 453900
521918 467930 468763 481762
526633 483146 466525 446273
519607 516460 494378 510318
521804 476323 480624 508284
526108 463185 514133 468155
526114 478642 481543 494789
526775 481385 484529 461634
517839 505684 510161 475759
525430 488356 473340 494799
524258 508195 472904 503711
526621 470202 451192 466733
518856 516391 488605 490662
526535 499734 467308 448858
522780 511190 517453 481321
524651 494579 470253 444646
517800 492683 448402 462417
523241 513956 446111 479086
518040 510519 516260 463766
523649 516170 451736 450220
519093 504447 477672 468901
525765 458814 460463 500407
521032 462217 470599 447158
519791 450947 452788 446037
523400 477889 463610 443921
526566 476323 496157 513525
524305 497504 443107 448358
521267 481772 480826 445765
524279 489337 471507 465757
519924 496500 463768 461277
521066 467380 517099 513126
523470 468540 478685 489110
525298 451237 510603 505098
522344 482320 457308 445861
520862 447933 506836 457442
523953 513411 462000 501691
522999 488806 512818 450209
525889 483907 505551 450473
521132 478852 488334 477926
521444 447158 489223 474181
526400 495956 475640 490459
520734 463960 460489 473697
525092 512261 513230 450878
522503 498547 493452 464470
524636 479180 501926 512923
525701 469762 453667 443978
521154 455766 499086 460954
523676 517018 511924 484653
519765 502753 470072 481400
518944 485701 469334 453461
526582 450687 500788 451285
520463 505461 447826 463408
522730 478061 461667 489915
518789 511900 472093 455676
525306 470955 475441 477210
524058 463937 475741 493238
525954 479180 499341 456457
520455 493236 517376 454536
520181 475759 463563 511212
521904 502045 445221 485962
519837 476410 454937 447901
520493 473189 495999 465730
526827 479655 457693 454240
518441 465525 466127 500788
525227 450609 490195 484726
525361 469206 487121 494955
524035 473589 505445 490007
521109 444197 460258 493260
525089 513387 474092 457990
523185 508013 490664 449065
524908 502634 505720 494345
523813 462405 446964 491644
522077 465812 445393 482151
523583 472007 507345 444618
523394 460532 494675 448059
525540 502428 469748 466760
518908 489204 504510 446896
521314 486690 512768 463774
519902 456914 486363 450750
517938 507252 467940 489358
522982 472861 458576 491004
519900 471451 513411 466149
520142 517047 502358 454200
526196 483783 470400 449908
526809 469413 509134 448090
520177 459734 449734 446684
522890 471559 497403 482970
525658 514222 476810 477130
521611 449206 516321 452800
526850 491253 486853 512618
524118 476084 450589 475376
519134 455590 517200 509098
523990 454598 472105 452382
523974 473723 466890 470777
520292 510556 500443 478540
518858 480413 474414 499738
523710 495667 447130 452052
525527 459120 481637 496441
522266 507988 476441 506812
522225 497395 455596 478685
522165 450047 512377 455510
525612 457036 501188 486832
519529 461931 480770 498846
522178 503210 449265 462460
522301 488678 480679 457106
523131 448025 502941 504201
525309 448858 507532 499559
526883 476018 478581 481268
524008 509337 468871 475630
521823 443044 492221 479335
523671 452277 446508 445041
526230 443347 454832 447359
526670 475507 497014 452864
519660 475372 467533 478040
526502 489223 504325 508579
520307 469059 450009 443344
518153 483774 484513 474174
518112 464622 445736 471719
524644 494378 450280 510579
522805 501427 474257 446402
521357 463945 453821 453755
525268 444374 477989 485377
518357 481059 460236 516152
525667 486020 516263 508147
521685 507866 482069 471299
524553 466760 486022 478465
524027 513387 474092 488926
526658 500566 502623 510838
522134 442373 451621 462291
517930 505445 490007 480722
519945 500547 486683 492506
524946 494546 500235 460591
524275 514047 497180 479040
525228 470475 489518 467427
523960 456878 466982 455560
525371 475012 510615 497669
526622 508155 505409 492627
519984 443296 473556 506886
525758 480436 478399 480769
525964 448760 509217 454435
521128 496664 467100 492262
521145 514800 447451 481321
520075 507287 488781 446948
519002 456177 476829 503814
517725 491547 449330 472944
522194 506785 504225 502112
524718 474001 515668 446630
521559 492262 515531 514862
526873 492477 512969 481032
524458 452384 501613 450990
522150 487154 501444 488699
522899 481757 485574 452418
521690 497145 444022 483807
518274 443365 454409 461203
525254 494278 453055 486020
523308 505960 446780 466229
521130 481780 458976 511190
520404 512322 512537 500205
520534 473635 510670 490572
520886 463887 501702 479929
521585 513717 457164 500078
525288 461634 475462 487474
519251 457176 462195 506518
525638 481544 476198 496552
520681 461051 483725 465857
522594 513294 510441 454926
524264 512557 444183 501276
520030 482590 467004 472158
518716 471658 476999 475741
522102 465070 497256 484841
525136 487366 467858 482190
518959 500177 514047 455751
518389 481425 448856 484301
526318 512932 467337 493126
520838 514447 491761 500576
524614 494975 480570 457606
526659 451064 452513 465516
523595 451285 456648 462141
521564 451545 448128 481421
517709 443879 455879 507016
518205 454678 454406 494696
519103 490440 511212 500717
518554 486407 488806 465757
517780 494666 501913 485242
519663 517201 478971 511793
522451 461389 443418 510285
526543 477382 454076 492734
519335 458568 488065 446273
525806 509370 494098 456419
520856 489220 516813 477395
518283 503858 466922 455841
522177 468337 490109 491052
518952 485133 445157 516267
521197 484898 450326 454718
519969 509560 498731 466915
518320 489577 460294 486982
520933 506014 475771 448544
522877 508657 481155 467856
520661 453294 450792 512795
526725 480686 506722 442779
520988 453630 477531 477343
524194 464007 475143 467667
520119 459973 483069 475505
520885 484557 459101 494349
520451 470167 469635 489127
521744 509824 486690 478428
519690 471011 442939 457293
524229 458429 517458 463837
518638 461023 473945 471093
524535 475315 469954 494220
519986 491795 483155 487602
519949 503110 482117 477135
520747 514334 499740 451151
517733 473861 504682 447511
523357 494349 498444 512976
526861 456767 457129 448168
519743 467084 485379 503379
521296 501188 494127 458386
518592 462586 451617 470970
526287 476968 503362 499415
523803 481152 487258 478701
524129 478543 514002 503628
524384 444181 444285 459035
524616 500350 477489 496601
519203 495240 485127 492559
518212 476410 454937 512469
519623 459228 468287 500554
518185 487446 488597 482547
525236 471462 474414 442627
521723 463244 460409 457983
524416 456120 450287 516587
524186 510679 488587 498626
524192 457183 502624 497639
518915 478642 481543 505535
522304 468377 455779 476235
525075 511294 515342 450172
525194 456860 474983 487254
523984 449838 503553 494058
520440 452563 444394 499425
526721 467189 508528 501674
526777 470672 482909 480724
518891 481757 460558 509226
521414 464612 477463 487620
520308 511225 505345 483107
524638 453787 517007 474909
519331 489908 471703 475411
520591 500736 486808 451177
522904 506096 484451 492222
524649 447506 444338 471507
524063 501102 517330 517458
519085 474853 444681 442760
519649 483641 469170 492263
520393 455498 464337 517281
526596 465772 442483 465003
517773 499673 453472 445035
524749 448487 516000 512231
524078 456327 490667 489127
523387 504973 478898 494163
522638 484875 444605 473092
521932 451096 510164 459270
518038 480947 511714 452191
526880 465571 490808 464108
523788 454551 468568 444335
518892 477601 488562 466695
526762 491050 508657 453188
520938 496829 474805 497861
523584 464094 482047 498718
517993 480492 464216 511905
522696 503351 457304 490461
525198 479018 469091 500608
525986 494789 476317 478465
520831 462027 468377 509021
525600 484205 507043 512319
523708 516236 486749 462554
526854 465629 450636 509657
518496 471458 513086 515376
522154 448090 445689 463367
518673 501853 469019 503600
525688 485381 459771 451127
517742 492734 512117 488350
517695 442632 446188 458699
524100 458181 496587 473589
518847 467133 464470 486219
522007 452937 454018 495218
524019 468713 461619 447884
526093 499012 457656 497938
523773 454551 468568 455779
520262 497601 453520 506118
522924 510838 514852 492958
518572 462932 452864 487068
523643 453389 509927 469849
525335 507322 508562 475378
525097 461394 468425 446391
518130 471395 488371 474089
520508 503230 488881 460858
525050 479793 445831 504218
526243 444363 459194 481820
521041 478500 515447 473001
520135 454409 457804 454669
518410 459734 457113 444442
521860 464097 505517 493950
519290 458804 477463 487620
518030 508579 442332 515878
526130 474322 503415 456645
524922 458386 451870 453280
517944 516263 498367 487254
523007 475660 499055 489204
523061 451639 500704 509262
525616 454886 479575 467249
524727 510339 473706 500205
521591 459270 451736 500270
526171 460096 475991 445192
523621 517047 496853 455061
524489 451913 462868 482657
519981 462116 517514 479763
519127 451237 474566 477070
518336 470335 490221 463346
526800 469485 467132 454832
518807 448645 466507 473746
520946 478808 475733 514133
518560 497216 455342 510934
518128 480056 470934 497390
522608 483996 500084 510556
525289 490337 469206 455479
523257 517376 453627 463236
518615 492874 512932 460844
518524 471696 510838 482130
524827 471703 463814 511948
525876 500462 501944 501735
519051 512719 466339 504306
526655 463558 472703 516460
525379 468054 482002 506196
526208 474413 470667 485502
518700 514171 463685 443571
518827 457376 515376 515705
526478 501427 470244 464693
526079 514008 487945 449818
519352 448508 450092 448472
522341 464184 470916 482657
521161 459801 484756 450970
526720 469413 502045 492751
526529 474526 491227 490151
524617 470927 461579 496294
523805 462953 446055 473486
522551 514267 498733 452889
517827 455805 487466 489818
522671 487037 489274 455749
525213 517574 442513 495123
525256 491143 501299 468831
523371 475844 511433 454839
520418 483628 506431 516434
518703 473502 459079 444341
521058 475520 484841 480189
521207 486828 471463 473706
524495 494975 479725 471111
522198 442138 457122 483151
518527 483591 483905 488854
521982 468951 455916 492564
518714 496109 467327 448354
522536 517453 499719 484653
518783 485244 471445 502125
523289 470032 458612 477332
526830 460275 447359 465140
524509 485380 476810 478692
519355 505341 484185 452868
526377 485190 488454 501592
519723 510763 474817 488464
524684 504212 498444 487476
525937 461187 463808 488487
525854 492007 484485 494216
526044 484841 475520 513159
524121 489635 517454 492656
522852 476865 449466 456902
521694 476126 462405 460844
523744 490459 489156 479425
525473 473543 473720 482338
524579 507149 488926 496664
519055 507663 479074 471431
523286 464195 511528 509689
526751 453966 469499 486959
520079 493091 450092 457077
525730 512219 449536 456480
524742 480240 445035 457535
521791 480602 517360 460398
523281 513020 459963 515522
524695 511603 488334 480722
522918 490892 463527 485484
517902 501217 496781 468817
525342 484312 517618 449734
522325 517466 446002 481135
520121 514812 500214 497114
520548 456062 479791 464621
520610 472263 450845 490230
521898 497906 466068 490865
526578 472105 490857 504339
519586 454890 447284 500111
522773 445287 492530 482454
524248 503617 483948 508507
518251 468817 475397 509207
523942 452007 513665 496083
523577 453755 508832 485182
524093 487256 500446 486954
521229 462459 513162 468839
518278 469686 467386 475184
518691 450154 517396 517200
517838 481268 453389 461892
521687 467800 459500 474439
517744 449051 515939 451585
522313 508462 481421 501473
521345 497904 472001 495307
519609 478345 462016 490665
524115 461428 459834 476171
519710 492408 512755 495905
517812 463519 471681 513620
524428 483900 492703 455583
524108 487392 475143 463390
519269 495512 449884 486075
525008 456141 444451 444269
520131 503877 494825 517341
520505 489220 454198 506447
517921 490153 457147 483851
524976 488065 444231 458568
525578 503815 472621 492263
522734 478988 454717 499055
521623 493631 460857 490994
521986 483207 467758 457511
525394 451870 453280 460835
521063 484205 503516 510063
524365 514701 483924 491731
518022 500700 447680 469079
524678 489611 457203 471099
519441 473342 466915 498731
520545 458285 516413 506331
524204 488506 509217 493459
526043 442313 460403 449882
523948 496502 501340 463454
518699 480413 474414 493433
520596 490240 467824 472695
518505 486749 450592 480234
522828 482458 489233 462898
522692 491423 450772 467930
520332 517090 497867 498277
519550 453245 473731 482006
517895 443107 458887 514972
521211 469112 445025 453120
518150 495667 460236 481059
526766 491910 464412 501683
519894 453509 484885 492408
518337 451699 454811 491004
521596 479524 451221 479711
522130 492564 499719 486605
525679 468144 502780 492506
523702 458540 482970 447231
517952 454679 470699 452709
520801 513280 505541 465820
525499 498815 446093 461431
523359 471959 463897 468817
518210 481973 466339 499786
522311 473980 461428 450209
517776 470202 493555 449488
526160 496883 517255 459004
518924 495848 456525 511956
522783 485535 461893 445545
523318 510773 455647 488692
526612 469748 481498 479233
526089 516756 481735 513216
519445 512528 472315 493355
524419 500251 498906 510164
518874 457609 452883 449488
522008 454890 469958 466255
522433 467940 480461 450005
521482 513788 487346 444919
526326 453308 483996 463768
520966 455361 463727 473094
521011 474853 449619 491829
523785 464716 468484 453197
519032 494422 450488 453184
523755 482990 476815 503761
525152 490427 479457 510966
526835 470555 504955 468712
521385 499786 509037 463416
518885 503205 452888 492438
519732 490460 501643 450799
520000 451871 517090 487449
521998 442328 485564 482513
518953 454839 482710 469389
522752 476160 508432 455058
521808 513763 502112 512575
525454 517281 448930 494278
526893 446229 473272 485258
524269 493235 506333 462464
523740 455109 471750 485302
526362 499415 456071 496792
526370 452220 460401 475910
522214 503330 460557 491024
520192 464213 448239 463050
523422 497768 492812 480399
522547 466553 508113 491107
517975 471184 482294 462776
521108 487997 488428 461431
525770 466901 470904 500462
521283 489156 516156 457121
521455 515584 509894 473307
523373 483733 462078 454570
520756 455128 453911 455516
518997 514999 494933 490220
521662 509217 452220 510679
525815 517007 495771 511173
523479 455821 502178 495789
523303 511768 496484 451192
526552 485502 484575 489458
523667 489759 507332 444170
524759 507894 449330 456327
520891 517446 507753 513145
524788 498274 502899 494696
523020 461819 489820 466992
518047 479335 500360 510092
525670 516082 500547 482988
523396 444197 459824 448956
523578 450600 483202 483766
526128 475836 477608 457118
522485 456799 446093 492564
518056 475184 515046 462078
522667 501652 491420 496092
525732 478642 506771 472428
526404 490459 497875 466593
517723 503514 457873 487550
526782 473038 470911 473486
522438 462868 474080 477283
526627 463863 442501 486808
525364 489349 446298 482485
520469 498022 500084 516215
519959 465688 499564 442684
526291 477926 448760 472437
519105 472773 457276 466380
526678 492215 457106 507325
525929 498077 503330 494220
519171 471612 464640 458234
521818 487767 460114 484946
524390 462682 489091 442313
519639 442274 478290 478530
521992 499686 448856 453179
519802 455590 478530 448716
525948 488378 513529 463451
519567 484461 505034 492374
521016 466367 448877 476546
523877 507214 491435 452243
522845 444231 466688 447682
521621 461896 448544 465865
523658 467030 487348 477801
518814 492656 452801 468987
521136 468725 459973 457914
524874 505452 487404 452800
521891 513817 462064 484756
521798 450364 509098 467773
523835 457873 517281 447612
524777 513455 458712 486022
524468 477096 497218 502897
526025 453239 460914 444646
524494 447608 491335 443631
519072 510981 517133 481002
518502 448210 480320 446961
522729 491523 469751 492477
525745 464277 442351 448930
523352 492384 443199 464627
521733 454244 498167 479141
523312 449619 491143 504532
522739 475535 447511 501386
520377 452191 483517 477832
518876 477550 467731 517067
522152 514361 498723 445766
517903 470244 463195 463691
520334 445848 446216 503719
522605 466553 445660 442274
519463 449350 461234 442782
522778 468509 514524 497582
526327 503934 445053 473627
523982 474619 475261 474553
521702 493263 481170 443128
522938 474968 487548 470321
526240 447919 500865 471582
526222 489544 488200 496655
522776 463389 483340 504871
518139 467824 442111 461571
522064 495466 476547 513086
519025 478040 488277 465708
524806 463499 452007 496794
519840 508716 516793 514477
519216 443758 461819 502852
521655 481498 459940 504358
526256 513436 495240 446803
518928 485827 486782 492920
520301 508579 515878 460968
521307 512554 491050 517360
526843 479180 504644 487951
524821 486148 489739 458516
519204 470306 507532 490427
525244 481306 506960 475012
522209 460259 495848 452359
524931 457754 474907 442312
523579 457129 448168 517146
523034 467357 443559 465360
521360 499814 506774 514008
525549 457952 499595 489043
518165 506589 453232 482552
521228 516992 472933 508693
525210 506027 479234 471131
522855 515197 470377 501604
520207 442399 487862 463877
519761 495402 452817 485019
523054 466189 450287 448046
525897 515939 510247 506172
524385 448277 509465 489921
523351 514222 486576 510696
523323 475630 487474 480679
521652 505413 511186 487816
520019 480020 463960 442111
518201 493617 459229 485646
522718 481481 463726 476286
519932 468407 471606 453050
523315 466639 450052 507224
519762 483270 465770 462776
523311 512618 469683 512335
522117 483455 480523 467930
524954 487037 442111 468763
524766 503894 499216 483188
521654 453666 490465 472057
526151 504955 452429 498870
521625 450527 472799 480570
522131 504190 487008 486171
519534 481931 480958 462403
524919 494200 450799 468869
525820 475012 480522 453253
523208 492499 445287 501437
523137 446407 495124 484124
523955 467239 517008 455479
524565 506797 512813 457057
517831 476504 506172 516369
522607 491334 505566 497370
523420 461619 452487 487566
526097 513893 444396 474001
524618 485718 465606 464616
523928 458329 510254 505733
526855 458798 477813 469683
520087 479845 460236 464522
521068 493209 504443 476313
524383 490179 462464 476326
519047 510700 473528 446053
518584 476410 454937 486982
524362 456256 510033 447924
521949 451968 463191 472729
524426 506129 506601 500851
526723 515491 463654 516156
522475 467600 510033 496109
519523 496398 487059 506547
523254 477920 458279 457952
521520 458948 483907 467682
520321 457914 446669 495538
522474 488456 499377 515137
525586 473340 500002 476584
518477 478474 489615 474322
518499 457143 512158 494506
519715 499894 483525 443219
521103 442258 513225 468486
519817 470039 481762 475673
521035 473912 482570 474426
523751 479763 446065 514812
518181 489921 473697 457044
520044 442312 492225 443698
521036 492175 450990 452143
525054 473638 499384 517243
519399 450892 451824 479323
517801 466049 472038 482320
523933 471167 463454 446216
523677 493712 478474 489615
523073 475630 457552 457077
525599 463937 499987 505493
524126 448768 484152 445366
521566 504592 457378 468818
526500 446692 498514 452676
520523 448847 490059 479895
519329 485738 471996 469888
521441 488456 506797 457668
522237 479996 498612 480050
522135 489739 458516 491627
523271 517341 490153 445733
525665 490826 500078 496080
518144 451894 479664 492874
520333 456197 472230 467248
520892 454201 468462 473098
522743 500356 516813 477395
521362 483905 478226 456554
526451 446065 506836 477888
520875 504358 506006 464488
519917 445157 456436 447104
524959 508785 468676 511393
523689 443272 481346 456460
520355 446712 458804 457606
524779 444252 484513 457567
522997 457523 517395 470955
525727 447707 469873 491652
523161 452173 474099 457688
526088 496446 481948 459144
523590 482570 495882 466164
518713 468856 495667 461137
518873 475504 471326 510519
525393 446745 481455 488926
521369 503099 467106 446578
522492 467940 485342 443387
526137 492933 469288 473204
524907 463127 512384 443040
526174 487025 490344 510318
525569 444544 495868 450947
517913 482827 469028 494207
520934 517664 513162 503628
518483 507847 500177 487033
519754 490195 462235 481330
524130 443257 470478 499788
523409 507870 476604 454918
524187 488562 497838 510622
524016 457744 497414 494513
517999 464278 449329 497033
524693 499888 516413 446669
526592 450527 458412 513126
522578 473272 475485 481257
523683 477747 491865 496640
526378 508130 481948 517558
521933 457554 476504 446589
524892 464739 507149 472111
519004 452277 481754 500555
525649 488299 487348 506224
522432 501476 448508 445748
523087 496532 462353 514451
521083 508832 483284 492920
524530 486067 484365 448277
524715 508812 490831 495989
525112 469596 454334 443921
523503 472920 469852 514599
518757 466568 454193 496703
526541 459035 472830 462812
523365 485379 475649 454685
525058 500940 483441 512403
519048 495249 463850 463667
524366 456120 502852 489043
520290 494185 505455 483331
520369 451185 448023 471882
518511 465770 482552 510509
524423 471989 472057 485066
520489 512956 498098 451277
521605 457164 513717 488267
519831 482516 469019 446687
519450 489611 443641 485121
520071 497697 497427 465708
519994 513742 500738 442457
524926 445718 484365 499686
523692 486948 499696 517466
518045 466733 452883 473351
521137 515929 493106 458071
525601 504933 456268 473888
518518 475753 448258 449534
522138 506589 453232 505796
520091 464184 511186 512185
522268 453256 461869 468869
517881 499696 471340 449588
520162 470846 442098 507509
520845 516175 450287 453416
525729 463937 499987 505493
525960 453258 509050 486993
525340 444618 467126 484093
522509 505339 493950 509578
525044 481142 458976 473721
526239 460971 477272 463701
526871 500501 460709 464195
522927 463185 513137 463191
525891 461512 452822 449933
521389 444774 496794 476801
525539 507988 471093 478702
518720 450987 500141 503711
520117 500555 474318 483628
518976 512974 473746 448984
524493 442627 491335 493593
519176 464949 482159 450364
520877 506394 513328 470197
524260 517267 463390 499595
525284 498780 483333 444965
525611 461277 486365 496500
519699 457167 496042 461892
522647 479201 470713 456977
525723 462305 464216 467001
521135 496603 450548 498997
517850 505455 516182 494185
518169 497639 445225 462846
519354 485342 471694 506196
519825 513027 463615 442351
520719 492901 473502 489258
519059 473956 508284 494527
522324 472212 506122 489989
526341 477672 475330 453666
520941 498760 512095 485518
518530 516203 479607 487508
522238 469175 481533 512319
521187 487767 499128 472032
520889 482277 474318 443903
521213 459301 504510 491354
518931 513398 509830 484301
520743 454690 474199 501944
524188 454717 479769 503877
518455 516764 467731 445878
526013 517027 455062 458015
525554 486553 510499 450473
518095 513946 478981 470437
518613 501901 506663 449919
523963 448973 513433 442945
521239 450736 496037 516351
519224 461137 510981 514171
518189 469751 488675 498796
519156 448277 486363 455583
523391 458867 466695 455759
522256 450594 503680 488864
523027 443129 496508 451812
525602 466909 442974 473818
521301 462827 472212 476126
526135 491443 479607 446229
523786 509649 477253 498730
521726 475875 479929 457917
523306 483052 468231 481306
523077 462827 459073 502826
517700 498605 454918 484152
526900 473351 509649 490850
519164 473715 446157 496873
524356 445821 449329 505551
520868 478465 494127 458386
526276 456780 480924 456256
523184 459579 495834 505820
518540 442619 479895 458513
524990 513455 447754 468095
525398 500380 486963 468655
521193 492958 456018 509758
521335 468287 486075 488000
526448 495186 449908 451731
523825 473888 442373 499782
523633 453911 443344 475224
523218 451329 465812 455692
524578 498071 488854 491243
522928 501720 461050 475764
525145 473713 456553 472043
523860 487359 466106 460054
518738 492263 464038 517411
526338 474071 475764 456914
526012 457304 482458 448726
523845 514972 474927 459833
526749 491540 495837 495801
525700 502389 478238 443202
521947 470321 464377 489155
517872 512923 495441 492933
526822 465571 455109 457754
525363 470713 479201 462141
524434 472462 506027 489590
518904 468742 455908 509511
519508 476259 503516 467667
519810 442683 482692 460017
522016 506588 444897 510161
524198 476323 464193 475025
526363 464662 444307 465558
520586 510556 497838 514171
519739 464735 499788 479620
519700 467004 472158 455154
520172 458294 456886 471356
519257 490344 470846 463157
525505 451861 500608 487366
522908 512795 515610 483580
525801 501276 459940 447511
524153 494007 467500 500072
519160 508119 497427 483270
525809 516533 515531 511801
518280 452099 462962 486038
518372 517429 474089 494315
522089 484152 482338 450326
521946 460677 489887 455916
521909 468742 470613 448250
526895 471719 504707 463178
520825 445830 481533 455294
521996 494892 444269 470544
520238 498022 462846 509639
518240 461447 479719 450797
526808 493452 481905 477581
525076 454170 477799 491113
518347 508758 498021 449463
524626 453342 501473 446436
523169 491203 448394 450194
524724 506960 468676 511393
523718 456027 464640 492788
525905 455440 465775 482380
520832 465944 498889 499941
526005 468126 516793 508706
518948 487816 463543 457977
525218 449448 488781 460705
526443 457760 496371 501812
521829 443128 452571 473038
522902 486340 468310 479845
519587 475836 495825 481120
522227 482777 453232 443718
523696 460546 493576 465003
519853 499804 503391 466890
520718 516740 508045 512219
526807 499894 470041 454661
519705 497867 517243 473058
521735 463236 488299 484583
523163 443495 498277 474985
518708 505339 449862 490728
526715 516215 510254 498143
519041 476426 486058 443044
520429 485244 487548 478286
526860 473595 475933 500716
521974 482050 486729 456599
523220 446298 502428 495123
521543 477634 513887 443542
526083 503138 508319 469848
523908 481393 493593 458249
525399 472120 443853 503617
518829 448580 447006 504973
523684 501660 442539 476816
526026 459833 447118 484896
522703 489238 443718 447682
525576 474935 446076 483340
522801 515223 501624 514267
518340 447919 500736 500865
525296 502074 494145 494630
524099 480606 510191 467173
524985 482130 448927 475923
521336 465106 494893 492265
522200 473575 448262 482590
523569 483907 505551 449349
522851 494422 456177 476829
517874 489518 485636 513411
518488 452243 454653 491310
521926 443559 465360 491334
518182 444921 494893 512185
525206 488464 478569 505252
524415 455886 485648 508013
520201 457511 451177 457276
524865 503205 452888 506764
524417 465407 495243 475455
525027 511518 514245 502766
526181 446296 498976 471989
520036 508758 498333 507663
520788 516170 499030 472637
520284 466635 477601 460743
517968 450232 470555 459415
521147 492963 491965 454653
520327 483996 509336 467189
523585 471357 489637 499377
521793 458804 489482 496450
520067 491354 496128 493153
524782 469170 459799 453666
521861 474820 448879 468901
519925 460532 453191 498206
524900 471791 486156 446119
525881 516444 492530 465757
525416 471574 492511 466696
525899 471219 461051 453900
525305 499879 492900 508201
521330 455429 480173 453577
525339 499366 471131 505623
525196 468869 461638 496414
522956 497414 494513 497681
522613 443417 465774 508834
524722 514794 447682 475520
523063 514997 517213 454935
520350 512575 484301 509573
523797 465158 487653 505872
518039 478981 476379 490151
519020 460114 497454 483180
517919 486426 451607 449007
518726 486407 444366 480083
521582 506639 489458 517431
526463 451690 486357 447296
524378 465131 457481 447121
517927 497732 478981 491443
520585 472703 498077 451284
519308 499913 487092 491292
525408 506366 452868 505341
521876 465857 497911 452181
521755 478428 488117 489380
520324 503815 472621 515011
522430 491565 499230 444197
521581 504774 474862 447608
523761 444111 460844 487860
526539 504859 501171 498846
519066 476437 500356 498977
521802 472710 477421 511768
519367 481176 461869 500691
518371 512779 490461 492559
522720 457567 451127 506588
520882 459629 513027 472502
522763 471462 502892 492478
518855 492530 479424 477096
519388 471299 481916 478881
526472 492475 460692 501032
524221 473213 506539 477896
519857 512209 491281 487404
524669 443504 490482 490637
518227 492566 476508 453582
522218 488631 473818 447449
526059 456997 481268 445242
526481 455429 482294 494666
524619 514800 456361 442501
526629 476542 455025 477987
521071 474862 511948 517664
523086 504731 451717 485426
517706 467084 513896 473446
520981 462943 444594 463745
518364 478226 456554 455886
518129 492335 455105 511433
518903 506100 516202 486999
520479 494933 500555 480492
520693 514049 498734 514299
524815 471882 494170 460114
525846 458513 451339 480160
520243 485083 469120 455248
526446 461493 497861 493234
526282 464408 500591 482317
522291 473307 458971 501613
522168 514245 502766 456346
525286 478069 512089 501476
517964 516369 491645 489339
523223 446138 445041 451600
519697 454129 476510 477374
523853 481276 504353 490340
524299 507476 463821 480995
520190 498675 449147 463367
519856 455635 505154 513763
518581 504306 476403 466339
520092 443790 501677 452830
525317 451883 473272 507630
517988 451904 452073 492958
526234 478345 467667 499696
519109 508319 469848 517395
519692 466125 458568 486363
519346 508395 443003 446357
519905 471918 465883 509577
521849 516267 511976 459495
523121 453308 492222 446815
520160 515232 452309 513250
518791 459120 464406 445878
518486 503612 500233 513988
517958 468309 483168 480797
518893 493473 514459 458839
525697 476546 497484 503514
526461 488506 458513 451339
523961 482088 444422 467858
518705 484529 492881 496092
519104 452889 473573 515843
524224 498057 474214 482285
520502 506372 467997 483280
520385 499230 466553 516200
523158 457308 445861 476644
525127 511603 480085 463808
518392 516446 503537 481540
522339 448879 499883 486152
518382 510615 449402 487021
517712 451824 461896 492773
523345 509758 469418 497557
522239 482454 467337 493126
519124 443791 507088 507252
519100 513893 458071 465970
526080 489337 504494 478007
526817 468712 446002 474922
517939 493174 460692 492378
523798 510880 444034 487705
525100 466189 463887 497681
520022 496377 473544 443359
525391 509292 512562 502889
518752 452567 455941 501660
519045 487383 482222 506424
525337 459834 476171 486345
519721 497806 463573 480083
519375 496532 466207 467557
521376 476455 442684 497241
523730 492773 469175 452889
520184 453092 482907 517043
522230 482342 461769 457298
526407 496150 473638 499384
523535 505244 500224 481754
521012 506670 468987 452181
519813 514475 487004 460930
522584 462006 442714 444804
521583 452113 453339 443783
526729 468013 505251 452577
520812 471164 497193 505413
520118 496058 508970 514036
521095 488506 472043 466566
518588 455154 488314 489739
518544 516447 471458 449475
525242 484467 472424 484535
523030 489982 445095 480764
523935 474664 450473 460474
524259 498525 469954 485019
518768 484086 489339 478186
523039 454403 457223 447115
518121 516152 488026 487057
526355 470604 468155 448472
518610 482907 445474 469567
519278 476266 451284 486156
520391 506730 486679 470137
525489 496773 484044 463615
522310 511212 491795 511976
520443 457113 449349 461801
521174 477283 465782 465360
521156 491618 504871 485968
518122 503435 479803 479087
520002 487767 480804 503180
520666 480635 512539 458557
522815 451425 517378 497419
521885 491203 509207 499211
521445 481276 443716 448157
526253 451607 493712 492563
523235 507287 457036 489767
522285 484268 476568 477084
518230 457892 509710 464470
517711 451096 496226 460774
520436 488550 496879 484189
522418 499977 505091 461893
522081 465070 445733 477968
518955 495307 450451 491243
526823 509016 514279 458839
520660 517238 507957 458996
525102 445264 464735 443877
525387 465775 482380 494434
526600 454370 444860 464643
519718 479769 444044 498021
524622 473721 513331 499883
524438 475411 446146 504774
523636 501030 517076 462403
522026 444034 446803 449948
523429 492868 481491 466616
520822 503961 491983 456903
526802 485066 496975 444860
523344 483542 491092 492221
523416 494578 467233 486345
519446 470699 500250 465275
522479 496294 505654 500519
518781 486340 506608 445287
523108 513279 500904 508785
524757 470407 504981 457687
523784 500214 448984 507604
518006 472173 475075 453120
524000 448354 509370 475899
526138 485636 475388 463125
521033 503210 503975 501926
521971 464971 460673 512017
518195 485381 463433 444502
523427 495719 507252 494884
518707 500098 449933 456507
518986 480399 494024 487822
518637 513294 442695 485426
522161 492262 516698 485572
520994 492506 499431 482570
519688 442539 453595 495147
525802 517574 495123 476317
524970 448262 486406 486148
518223 486872 492475 460692
518016 491702 483351 473907
518667 487878 480602 497581
521322 460463 487366 498883
519205 449523 506387 502646
523576 451285 456648 476542
525571 483725 467344 453900
519275 517328 443272 514997
523447 508758 498333 517406
520124 494055 490275 505532
526281 492499 454159 467961
520495 450866 497786 458160
522261 514701 477590 464716
519755 464038 474037 506027
525512 476999 462722 446630
521717 493370 491361 473511
526512 456507 501219 503109
521359 465571 454718 498605
523252 458294 474614 507099
524547 455510 497034 445736
520664 459415 480635 453339
522211 489759 453050 469930
526793 459415 465865 483774
518402 452158 485814 493640
526252 486843 492909 510615
519136 494938 487891 469775
523278 459068 456855 493433
521831 466144 492751 516203
518513 477070 492335 453245
519659 508404 452046 471864
524604 444320 495875 499360
521657 462586 482516 447451
522288 454384 444269 459799
523455 451303 494185 493771
522023 494155 473818 451048
518723 491771 448023 442914
525413 517021 442513 474619
518221 458215 445766 454685
523790 501958 476849 482454
518956 453375 492627 450113
523327 480085 502892 446500
520958 463896 500804 480603
519420 448412 487901 450594
526067 476996 508313 501853
523246 509160 512076 474809
518261 459169 456553 472043
519996 460763 457913 517376
523547 465035 505566 456141
524369 469331 472038 461931
524331 462932 459068 456855
526682 473058 462812 495107
519039 463543 510441 476585
526453 460447 462185 499407
520344 490104 517021 457315
526165 506608 509014 464360
518599 514002 513692 464215
522093 449007 470197 495687
520746 476109 508424 452482
521096 445831 460848 456164
521189 482703 499341 475397
525587 470916 503757 468268
521167 495441 467071 466026
519311 509134 452384 470597
524897 457771 465047 467151
519826 486996 444077 462106
518495 508507 479675 506431
525051 491259 483628 501670
522096 443571 455062 463626
517929 447919 492478 493108
519797 451897 500453 482117
523056 473877 508519 497384
525766 482088 444422 458712
525780 513887 484942 457523
520247 498841 480217 517458
525947 501276 480379 507779
526414 463863 492027 449448
524320 493141 505032 462682
524521 506153 508326 512199
520468 486028 471223 466049
520973 479610 452961 475143
525555 513275 484495 449701
522085 475738 445703 485347
520670 463438 444162 472200
520815 452119 479835 443840
518157 489653 494028 448855
524486 461050 459079 485484
517771 465091 487383 495014
525297 471574 473511 500350
526689 455073 451617 475409
519895 459579 459299 479725
523003 448210 445678 457378
525222 465857 474907 486673
525575 479390 463370 450052
525360 475261 474553 510528
521789 449147 454376 472088
525015 453565 462257 470536
521811 485646 505815 455294
519363 480083 516764 445878
522540 515705 508627 457376
523526 446996 451861 508130
517747 516587 501764 517343
518027 448402 469266 482587
521934 480330 489268 481425
520612 466635 515232 501437
526805 468712 500015 507043
517970 498457 507627 467800
517701 457655 457122 488605
521053 490104 462527 463687
518368 496975 449409 446181
520015 471326 464164 452144
519074 484111 486726 454081
517985 444252 484425 482490
523214 478437 465106 476644
522966 455128 478069 455516
519272 477590 461244 502125
525307 499763 452874 496414
518817 450815 510441 460458
519476 443892 447275 446768
523640 507242 469418 463573
520341 448262 473575 503877
521230 514189 492782 456493
525796 501404 495872 508130
520460 469919 442513 475261
525844 460763 449265 508706
521865 443296 470363 472933
525827 475790 504682 490104
523118 443119 475759 442931
525382 508425 472120 487489
523349 512318 489394 468871
520678 472242 446119 501102
520524 463457 506727 505193
524479 452915 496771 462055
519858 476504 454423 479835
520759 456436 506332 472637
526852 452803 457056 445900
521908 496242 505219 474820
519576 447118 486437 489577
525299 513956 480379 507779
526470 457684 475397 509758
522435 491257 473098 489597
524798 471326 481393 455879
519591 496095 469218 448143
521590 482488 493183 466144
521413 453348 487092 491292
519350 507242 464191 472818
519583 471606 499487 442632
523561 453565 492656 452707
518171 453418 451600 495687
526354 494315 490460 475372
519370 475495 456507 505339
518981 472742 481780 497021
519966 500591 482317 463244
524272 459196 514279 457734
518319 516321 445324 476609
518867 515123 489842 455825
526254 456799 468951 495078
523767 492360 493771 445772
519893 460078 461534 476811
524828 478924 498423 465775
520433 450273 480197 516170
523112 445336 461478 458681
521223 489289 483331 513543
522888 501670 471929 481421
518900 456369 484772 513530
523757 447901 446750 472111
519827 466229 505960 449911
524051 508693 488952 506953
525909 482342 461769 457298
525807 443202 444028 476859
519820 480452 480247 446814
525415 500547 516628 482109
526634 459299 479887 482675
520725 479704 469130 489101
519090 475152 488062 476443
520953 489657 508451 442501
520764 512377 507588 469868
523248 472887 469394 460458
521950 481579 495692 465944
523729 478345 455770 492253
520584 512318 478971 443504
520599 451496 508352 449055
518987 491257 478007 472926
522031 510461 465497 496066
520750 451901 462566 470112
519610 496781 501217 469881
522265 464097 471502 450249
520392 451862 516174 451585
524400 495254 473281 450353
526786 481678 482931 468411
522141 482827 464538 492661
524735 490230 516753 484946
522191 451585 508970 487025
518286 476816 469881 483671
524167 462405 451968 497199
523651 470577 484567 463091
517728 493174 511603 494621
519693 496484 511768 482130
520206 451062 471076 463244
523669 506153 455497 506331
519524 494825 496843 483817
523255 511924 487500 480522
522029 461012 512768 448487
518571 494098 490179 468839
523401 483122 463451 507753
521353 452817 459610 503109
520250 500501 506264 495107
525956 448603 517446 480602
519315 502351 512089 475875
518650 450112 512719 462554
520017 494434 491092 483279
525992 454636 505820 455575
523390 485387 468914 467682
521562 449251 490665 481780
526418 459079 462730 481297
526760 463660 482222 503674
523965 496150 487008 449067
523142 470555 443040 464007
520357 460318 463796 496006
522741 446157 500691 457255
518631 489238 474838 502289
521897 510191 487860 505666
525248 448973 451861 512202
521199 473861 498387 470033
520149 492145 478581 489055
518306 509894 465688 479938
519781 492027 470072 461219
520900 485350 464939 488153
519912 499668 507377 471929
524952 453966 475790 469499
523820 449279 469397 481777
521753 448412 471572 452961
523418 499595 489890 464240
526175 448490 514604 515822
518291 489204 455902 453942
523775 472223 456678 473697
524557 489898 512396 446178
522498 450797 511505 500782
522606 510548 466915 516447
522957 479933 487154 484735
525841 511974 495860 505096
526712 456924 469612 454403
521234 459260 480015 483319
518815 508960 481170 488026
518788 478308 499216 512076
525833 452817 501311 471401
520727 486070 466475 459116
519896 477747 443044 483553
518004 444418 484461 449055
526399 476333 492773 505217
522598 503880 494926 442695
518510 468725 509337 506520
523177 455510 451510 456469
521539 513817 500224 502902
523467 454273 443769 456913
519236 443783 446451 465198
520611 455061 452243 502802
520029 500549 442914 509280
525140 480568 475991 458681
526507 514477 471918 514290
523846 468704 462272 467533
519284 474756 480050 516326
525477 506764 459694 460555
521888 459801 447147 466627
519943 517354 502818 510063
520698 472972 463195 451701
521900 452801 513646 465160
523838 445742 513309 478217
522768 486067 451913 460677
517953 468509 467773 483094
518612 461151 484859 485683
520777 463529 484806 488000
520331 463198 513152 505910
522156 501913 490208 490506
519596 483517 466688 444231
521077 447830 461823 444063
522556 447464 456134 466709
520803 500270 445718 480947
518351 469596 493256 495487
520653 452788 461431 480240
520034 516087 477449 516202
523060 486885 479507 459247
522657 492243 455779 450636
520120 446896 491354 486631
517805 505465 449804 442393
518875 499913 472656 480413
520157 470478 481639 481142
524586 487305 499559 448858
520090 501764 468126 515223
519962 444637 496923 450687
521162 486437 455811 478852
526124 488487 480797 497350
517901 461737 465131 503811
524460 486153 474545 499030
524848 460705 513479 501926
520628 487918 466650 508349
521170 503948 460447 452709
526020 510353 493584 492655
521703 493208 506129 505606
526569 449804 502351 473541
526717 503501 452136 489721
517714 478226 456554 449884
518198 466733 501534 478567
521288 498976 446296 472751
525409 458412 463249 446391
518925 497768 460894 465346
520314 477889 446503 493256
526615 484257 486392 477931
519897 481330 513020 513763
517715 512521 462848 448155
519336 479856 466516 467100
520568 481639 515276 499788
517730 452567 507720 501660
524538 492399 458460 490805
521724 489289 483324 480527
523988 463191 497767 459353
518888 464154 478941 448925
521881 510603 456480 483094
523915 505065 481931 484196
519307 483905 489798 472861
521289 477283 478474 489615
519626 469871 450723 515276
526484 512974 485962 511505
523096 451750 481637 496441
521594 470363 515582 466215
517817 457121 494582 477931
519481 485185 486674 466071
524085 494578 467233 476426
522525 481132 500400 490291
520103 511337 485534 472104
522813 514565 506953 463488
523080 509465 453256 489156
524502 514527 452828 506681
520904 501922 462776 455294
522931 487742 466472 470032
519337 452526 501604 457060
517979 471873 503099 449010
519449 458489 461676 466982
523564 463558 488747 443892
524009 456977 512289 502460
523272 472111 478852 446750
520673 477037 492978 444307
526685 491922 480684 481772
519154 496411 450941 490987
525618 502941 468268 454076
521432 497310 476859 471414
524627 506670 498143 517008
525767 477889 478508 489042
522207 503096 472060 449978
525065 471219 473720 473543
526713 512836 458450 475986
525789 467835 486297 470708
525396 499814 489898 511469
517966 499359 458690 466050
519521 501702 442393 463897
518287 462078 496604 483575
521546 473117 456480 460835
518270 503055 468425 452048
522884 470400 485648 494421
520274 498154 450589 451096
519657 497193 458422 461478
525950 483783 488915 487068
525666 473861 499734 467308
525287 457197 475778 488356
521916 451452 487216 442477
524647 499894 444285 444181
525221 443313 485042 497129
526285 446157 489820 466992
517731 459073 486520 453987
523298 470911 489868 453179
524519 478500 442974 514008
518655 456071 458948 505244
518238 453294 450792 500796
524284 486673 496549 449780
519087 494893 505452 492265
526129 499804 504592 459302
521939 479669 483778 463527
522355 474404 515584 515705
526255 442441 455071 475507
526728 498441 455536 456997
521124 468823 499943 482027
526505 479763 498326 498848
518093 459799 462962 443921
524033 502178 495274 469288
524603 499564 449522 460894
525928 498723 499132 507452
519956 474518 504325 462953
525262 512557 474817 462373
522316 488929 479413 451148
522229 507630 444760 505156
519255 498626 460401 475910
521489 495747 450589 444147
519414 492920 498279 451693
526487 481032 471502 467557
526791 444860 464643 474968
517992 471395 478554 505566
522549 454839 460743 503210
524052 454384 493753 502398
523679 461205 470486 478437
524297 462722 506886 497401
524095 516175 512746 460709
526846 455361 458516 469170
524214 454129 479035 467488
